"Status","Start Time","Stop Time","Duration in ms","Parent Suite","Suite","Sub Suite","Test Class","Test Method","Name","Description"
"passed","Sun Jun 27 22:37:08 GMT 2021","Sun Jun 27 22:37:08 GMT 2021","0","testproject","test_mymath","","","","test_add_string__expect_exception",""
"passed","Sun Jun 27 22:37:08 GMT 2021","Sun Jun 27 22:37:08 GMT 2021","0","testproject","test_mymath","","","","test_add_negative",""
"passed","Sun Jun 27 22:37:08 GMT 2021","Sun Jun 27 22:37:08 GMT 2021","0","testproject","test_mymath","","","","test_add_positive",""
"passed","Sun Jun 27 22:37:08 GMT 2021","Sun Jun 27 22:37:08 GMT 2021","0","testproject","test_mymath","","","","test_add_zero",""
